time,x,y,z,phi,theta,psi,x_velocity,y_velocity,z_velocity,phi_velocity,theta_velocity,psi_velocity,rotor_speed1,rotor_speed2,rotor_speed3,rotor_speed4
0.06,-7.64308323238873e-07,-1.0431176906682486e-07,10.005942963281683,6.282955319279221,0.0005356059325016815,0.0,-6.16223753828311e-05,-1.5266426936936124e-05,0.19808452245047947,-0.012882979437768184,0.022545062758575103,0.0,466.5847084824176,468.3411184972179,467.01036232557766,466.00466107553746
0.12000000000000001,-1.9156658281903255e-05,-8.039191462215284e-06,10.018964587931285,6.282173439380868,0.0017161092429631708,0.0,-0.0006696780958878949,-0.0003213786874163697,0.23596205548394128,-0.013329690624859506,0.013209259579491659,0.0,417.2805642090986,416.46492886475596,416.69411835709764,416.6551780681653
0.18,-9.85833132031889e-05,-5.174737093425137e-05,10.036581698478326,6.280945878808364,0.002310953667085336,0.0,-0.002051185598549208,-0.0012344847855381615,0.35124560676825933,-0.04118051161195771,0.0023389615091198787,0.0,442.02603767855805,441.1293613238307,443.16397975819416,440.86907297651265
0.23999999999999996,-0.0002761018573940849,-0.00018839637391702377,10.063174035753088,6.278361223508361,0.002699873196410074,0.0,-0.003897447820269279,-0.0036091951748019255,0.5350960829201071,-0.04716948197770317,0.01369390406999284,0.0,462.82554962120224,463.71814324609863,462.76245819154843,462.28990824403456
0.3,-0.0005780752303141435,-0.0005327736193812748,10.101507322359774,6.275231157702438,0.0031350060538644087,0.0,-0.006247874999324694,-0.008217826194388891,0.7425658209664814,-0.06472955390389493,-0.010516301130072537,0.0,470.1041561537334,468.22465777435036,471.7047340422834,470.34523522717143
0.36000000000000004,-0.0010231879419393775,-0.0012272204580787613,10.15166497940408,6.2716588106693845,0.0021020316101063585,0.0,-0.008499517607848998,-0.015355489300426841,0.9292190336788744,-0.05078318471326933,-0.03604641041007782,0.0,465.78166324371836,463.781056330467,463.0234627285714,464.11679524114476
0.4200000000000001,-0.0015661038226891957,-0.002382568088718115,10.209127072931471,6.2687832864924005,6.283104381169384,0.0,-0.009389818547963627,-0.023438188993279468,0.9861330612913237,-0.04274949321356204,-0.03706352170520129,0.0,423.4563065921624,423.3681402106479,424.07537116144795,424.7632583971549
0.48000000000000015,-0.0021194521609133434,-0.004095366030624769,10.271307490813607,6.2669677046481365,6.281029728913456,0.0,-0.008836248325275298,-0.03386963205100754,1.0864536185917637,-0.012772578796838054,-0.03002001844850286,0.0,437.7578204425049,438.3429300286043,436.7434252262744,439.23574654398834
0.5400000000000001,-0.002587225379895327,-0.0065375050164305105,10.34393665359694,6.26668320477318,6.278804912900291,0.0,-0.006515236043584962,-0.04759160405859662,1.3342608017977868,0.007795423920937984,-0.05747985173817044,0.0,483.2770813109599,481.20240952349167,482.45067969782673,484.0010366039059
0.6000000000000002,-0.0028768136626134,-0.009724245959988121,10.426519785506034,6.267331995818143,6.275343127818168,0.0,-0.0027938575081156696,-0.05857530218668958,1.4184082182891533,0.016252645337308455,-0.05813292040801303,0.0,433.025788518191,432.9684555023941,433.95936626195436,434.6685060146974
0.6600000000000003,-0.002865585805953516,-0.013569469549990712,10.515063926517364,6.267896254437808,6.272080972239319,0.0,0.0035174648224400576,-0.06951045811985003,1.5329144237540173,-0.010064310644749403,-0.0477440759527457,0.0,443.3922098119798,444.24279374778513,444.2724282065788,442.109525447001
0.7200000000000003,-0.0023908262412141,-0.018088805061361495,10.612035406215641,6.266786312222937,6.2689872192769,0.0,0.01263674812855482,-0.08121411430781937,1.6992301952555764,-0.04631990981243484,-0.0605664528591622,0.0,460.39943155134426,459.3822287278749,461.1082755446546,458.2353396269175
0.7800000000000004,-0.0013253650081321822,-0.023310220263305145,10.716983228987884,6.264670695946148,6.265196221367706,0.0,0.02325426543544345,-0.09307377532329035,1.798868211559062,-0.019251266118242582,-0.06900818145934041,0.0,439.4486928834625,438.74545032368957,439.1411970585921,441.37994069024677
0.8400000000000004,0.00039211472527654574,-0.02921650574302572,10.824428571554378,6.2633087253257695,6.260896955498662,0.0,0.03435293956113491,-0.10390876280860564,1.7826590465557195,-0.03068439242497521,-0.07755209186975796,0.0,402.00151136473266,401.2220204494305,402.363465713616,401.3270094060874
0.9000000000000005,0.0029519393286802143,-0.03588662950429727,10.935258490870892,6.261225478013305,6.256093394862209,0.0,0.051471650581979195,-0.11863130304911267,1.911447519839288,-0.044347161976895026,-0.08561183287588488,0.0,449.4616994351514,448.80294769761235,449.69325642291864,448.5846955820871
0.9600000000000005,0.006638045710041581,-0.04348263137124673,11.053595539861172,6.259058536638896,6.251001021713623,0.0,0.07193060737455714,-0.13481394157234058,2.032889493338345,-0.023335268816922307,-0.0834354284984398,0.0,446.6857338717414,446.8572989368251,447.0577959070125,448.7658205658282
1.0200000000000005,0.011673805373149722,-0.05210199091457441,11.179651299566574,6.257240495173626,6.245468368664088,0.0,0.09647161937558553,-0.15265799877166777,2.1686959584256202,-0.05027673527832015,-0.12238256254102603,0.0,453.26390532929577,450.1152640589526,453.9614359344643,451.79411710159127
1.0800000000000005,0.018267407752885823,-0.06180773850214183,11.312704775768545,6.25413029857706,6.238035074903081,0.0,0.12405839577296694,-0.1711724442367079,2.2661891242716066,-0.05515333080181562,-0.12708029481248037,0.0,441.05766859015273,440.655442360503,441.2187978156362,440.81425658000217
1.1400000000000006,0.026985461996952703,-0.07289069534050241,11.458385041430224,6.2504472505602635,6.231052955911913,0.0,0.16748976230665705,-0.19870394790894033,2.589078970680131,-0.07830553725379824,-0.10074267805980146,0.0,506.9794864790032,508.85755738541843,508.30748526780394,506.64333302503695
1.2000000000000006,0.03831342256054566,-0.08561937324274539,11.62004521357255,6.2453230318852775,6.224848613560635,0.0,0.21080587380845553,-0.22614060112810808,2.799035355284671,-0.10596064561524615,-0.10934347076801819,0.0,477.60795610374186,476.94299876764774,478.1208214006659,476.0033927178826
1.2600000000000007,0.05220825139579351,-0.10000439878134428,11.791220244466757,6.23892228054935,6.218014708986878,0.0,0.2530268501718444,-0.2540053928402369,2.906452142159945,-0.10815515198287613,-0.12505589783580726,0.0,448.7872780913182,447.49850143046405,446.65534104860575,446.46640726203873
1.3200000000000007,0.06881341176793888,-0.11621571541345141,11.969289720296352,6.232869467258141,6.2107389474944945,0.0,0.30123370331712707,-0.28701177522662524,3.0287821826667147,-0.0893024654834163,-0.11459508922768272,0.0,452.93938234915333,453.76685995772027,451.37017520366777,452.8802732477384
1.3800000000000008,0.08860574064359496,-0.13463054001041672,12.156601667048204,6.2277031421065345,6.204051445854768,0.0,0.35924866863312777,-0.3273889042023678,3.2143360375532737,-0.08037891054909896,-0.10583033229287088,0.0,471.77264389320493,472.4386554673898,473.018845262091,473.69989147619225
1.4400000000000008,0.11175460301588626,-0.1553910124455181,12.351583192292198,6.222923591926508,6.1977105548873865,0.0,0.41298128422565517,-0.3650810382859049,3.28474846477506,-0.07825804639423302,-0.10538578289552876,0.0,438.7507073851024,438.7776860066398,438.34505023392677,438.5160758851651
1.5000000000000009,0.13872230762728432,-0.17883696043350364,12.556169349293006,6.218212113734353,6.191176000782811,0.0,0.48667088036518524,-0.4169837048748195,3.5339141862254047,-0.07906289369523829,-0.11709110554487873,0.0,493.63855519565755,492.76476184820467,492.98671656933516,492.9229838899884
1.560000000000001,0.17008790743958285,-0.20538084611138258,12.773645571143604,6.213331906182708,6.184013930224246,0.0,0.5595991811222414,-0.46831633443530085,3.714571382304961,-0.08632048575609833,-0.1243565122806033,0.0,475.6444358303989,475.07582135819933,474.832307928921,474.27027742250857
1.620000000000001,0.2052891705648126,-0.23462246399018197,12.994944705133955,6.207806740245408,6.176279286643261,0.0,0.6143910445287736,-0.5068336064278623,3.662109179706672,-0.10726120450089147,-0.14006400639881744,0.0,402.48996889515587,401.04835735395545,402.5779164736402,400.6700423830333
1.680000000000001,0.24433587058508724,-0.266570158262073,13.217027821646592,6.201416577927041,6.168313466842067,0.0,0.6879371145439419,-0.5586944917132816,3.740220387915792,-0.10502852293289416,-0.12115609010482403,0.0,443.92264951788457,445.4550852020233,445.4178374218891,445.5904878924701
1.740000000000001,0.28848027159702894,-0.30213139318387106,13.448291354110978,6.195375435432673,6.161166230757965,0.0,0.7843145100366563,-0.6273486793082715,3.9675670854049128,-0.09317691630107522,-0.11533567252576056,0.0,491.00128400308233,491.4216180579078,490.36212068441625,491.23399223487996
1.8000000000000012,0.33766998435883416,-0.341303807292221,13.685845073728022,6.189973399119211,6.1545725623195295,0.0,0.855910205948464,-0.6788604976341823,3.9507758314598256,-0.0843948748411493,-0.10078509793475071,0.0,416.33880039544783,417.59838001908093,416.8304533177576,417.5898847944602
1.8600000000000012,0.39116900577822084,-0.38358806791928246,13.9216375246186,6.184359381168868,6.148957872475425,0.0,0.9278661381818099,-0.7310414846135523,3.908953284362596,-0.12705279998352087,-0.08208715388575685,0.0,407.83365820353265,409.4920214831826,410.76795832425915,406.9576103148035
1.9200000000000013,0.4496573953050596,-0.42953286164845,14.159173508212282,6.176287997492185,6.143851774787315,0.0,1.0221910538437433,-0.8011967938939438,4.008330508957863,-0.1568304537135589,-0.09193424452004159,0.0,455.4491516769792,454.6550236497383,456.5041365709356,454.1046449105137
1.9800000000000013,0.5135027584356319,-0.4795464230415788,14.399766673747258,6.16694362427268,6.13877412561604,0.0,1.1064268591271325,-0.8667292638999105,4.011186456282484,-0.15364506861636656,-0.07300760897624566,0.0,425.1571335439436,426.7694151695872,424.6132110681779,424.8622383957248
2.0400000000000014,0.5821812375527948,-0.5334106539914399,14.63842489007236,6.157779649205057,6.134766404179853,0.0,1.1831886202555466,-0.9294728738519934,3.9441055705741825,-0.15097050145032795,-0.0566156278656842,0.0,400.6863840904419,402.1700332109876,402.2152981340371,402.43280158049885
2.1000000000000014,0.6554711716446001,-0.5911383246336513,14.872689580530984,6.14914439488512,6.1312526246527455,0.0,1.260083065522129,-0.9954742811687254,3.864779011433071,-0.13263733122516436,-0.06277174321233729,0.0,398.36132766722767,397.79509488931296,396.0313859872707,397.69192963596254
2.1600000000000015,0.7338676105812088,-0.6533432796343641,15.105011805836943,6.141013681545431,6.127201914052737,0.0,1.3534377197240923,-1.078721963771412,3.878982400596434,-0.14198166564446213,-0.07924880229886587,0.0,430.655347385036,429.25554089592265,429.70540915271175,428.8947094435452
2.2200000000000015,0.8174977658158631,-0.7202926970351298,15.335395833345466,6.1329419268151,6.122614486193299,0.0,1.4345958088603608,-1.1535767104136971,3.800500649783439,-0.12272801204043567,-0.07139140501460865,0.0,397.55532032922963,398.2693047792149,397.9627457425466,399.7021419837926
2.2800000000000016,0.9064097249288187,-0.7921764599454154,15.563150549022673,6.12604456199648,6.1178806624127695,0.0,1.5294815980406096,-1.2431483923152538,3.791073013360014,-0.10275061457551303,-0.10139990862669486,0.0,423.9441390998071,421.3517371352076,421.377949983672,423.0887373066708
2.3400000000000016,1.0018697979557685,-0.8702751234209284,15.794837421403637,6.119690152455043,6.111818756386082,0.0,1.6530476652533197,-1.360709594021222,3.9309444750949623,-0.11310720271881197,-0.10030604219139669,0.0,470.9084065696647,470.9848245340637,471.4548233303604,470.6446905759433
2.4000000000000017,1.1044929990450403,-0.9552115075130676,16.03272205889943,6.113080398018493,6.106048241307937,0.0,1.7682036143454931,-1.4710870340163993,3.997916228916288,-0.1048468348463116,-0.08898710923183172,0.0,450.26222356565876,451.16927989927996,449.1561432134389,449.8150127763224
2.4600000000000017,1.2134047381990019,-1.0462111486944317,16.270602249297404,6.107083886260924,6.101188036955428,0.0,1.8625691365349442,-1.562735543743204,3.9313556969682826,-0.09160112794663526,-0.06853167229606415,0.0,405.676852221696,407.5035064408965,405.8947329554718,407.0721390289708
2.520000000000002,1.3284892915716744,-1.1432270804288645,16.506823051866174,6.102024605068191,6.096628642956706,0.0,1.9738889328241696,-1.6715724758684993,3.9422968665790297,-0.072735999032608,-0.09825818665398837,0.0,434.62830443666456,432.12425762440955,432.51938868308997,434.0992716303033
2.580000000000002,1.451625457609059,-1.2480933479361735,16.750352129036063,6.09820765061348,6.090336445896959,0.0,2.1311416742474876,-1.824263364736778,4.173981957911091,-0.049776043301988114,-0.12330870612417127,0.0,502.64055299484414,500.8130864000208,502.3810962771469,504.04064901424925
2.640000000000002,1.5839177205757642,-1.3618024078059716,17.00555463565562,6.094953876113394,6.083015621050283,0.0,2.279212152001804,-1.9662244084011955,4.331649018136201,-0.06508592451529967,-0.11954439733632188,0.0,483.9914722002473,484.2625999190513,483.3005567582669,482.1433617640341
2.700000000000002,1.7249519949228127,-1.483831644901627,17.268723832758628,6.090904746515275,6.075569657777024,0.0,2.4225041880659584,-2.1017013384180916,4.439694786836667,-0.07277467880638071,-0.13525579778424934,0.0,471.08351778339,469.853662991084,471.09717891159625,470.4990508828407
2.760000000000002,1.8732674977076054,-1.6127492525276788,17.531526290300306,6.086345351183743,6.0676313020614,0.0,2.52192884552706,-2.1959369821234063,4.3204640160171515,-0.08334781436877992,-0.12698261226937374,0.0,396.4420874186211,397.1832377840234,396.39246021808407,395.4140607933538
2.820000000000002,2.02904889805302,-1.748636004077444,17.79335049050512,6.081965464436166,6.059928396039847,0.0,2.6713640213876024,-2.333966119364996,4.406064462743007,-0.05776321317908707,-0.13133488557473882,0.0,466.58843362483816,466.2342490326277,464.0704280314676,466.07045603558703
2.880000000000002,2.1937011318008808,-1.892677150580086,18.05920750624767,6.078668131698777,6.052323220485281,0.0,2.8176114394509897,-2.4676406193172373,4.455061249501999,-0.04986247918372378,-0.11888855801622504,0.0,455.5563479922952,456.53633418859005,455.83921084744435,456.4682693743913
2.940000000000002,2.3669616948358683,-2.0445467872606806,18.32671124565075,6.0751561236433815,6.045749496916958,0.0,2.9582082007274897,-2.5949208010549314,4.461173253653952,-0.08795677210291311,-0.09548676495993609,0.0,443.1334306453507,445.04232598984794,444.9889548973847,441.8560641539038
3.000000000000002,2.5498120148930403,-2.205029554758676,18.598772378609617,6.069536743882868,6.040725681357664,0.0,3.137059566969115,-2.7549046394769685,4.606205086888316,-0.10859447510888637,-0.06699483256481034,0.0,488.0371666214339,490.1540728881355,489.5027125320061,487.9575155082594
3.0600000000000023,2.742204437102438,-2.374147515708079,18.874436999792852,6.062833460882423,6.036982429620725,0.0,3.2762068456840785,-2.8829074315537153,4.582152854363243,-0.1188445367241563,-0.05448165302890439,0.0,437.60262490185187,438.64027861071395,437.89374776904856,437.0287158587715
3.1200000000000023,2.942422820554735,-2.5505754553803266,19.146415427948163,6.056067242666485,6.034040195726114,0.0,3.3979068765321427,-2.998612166489165,4.483722454916542,-0.10278181557034279,-0.039919063866541295,0.0,411.6714687668046,412.9565464151411,412.88208035209345,414.28459023890326
3.1800000000000024,3.150286965323934,-2.7343406299217876,19.413678073319282,6.049608238092427,6.0314304065955575,0.0,3.530974856320349,-3.127437248228699,4.424761860008501,-0.11978625554647865,-0.051831494124253245,0.0,427.8342851883917,426.8174408983355,427.5248438257048,426.06230969705535
3.2400000000000024,3.36691221516147,-2.9266348769970247,19.680203627818422,6.0423268027746495,6.028403455332949,0.0,3.68989772412139,-3.28296454876389,4.458579433538727,-0.12469698278834525,-0.04781964780254081,0.0,458.8682688765724,459.18516756341677,459.0556554425041,458.65292660489825
3.3000000000000025,3.5924042354054038,-3.127763887546156,19.946085320433692,6.035471391284107,6.025427489596588,0.0,3.8265887864444497,-3.4219391669558097,4.403763149259109,-0.09892695225796291,-0.053418947431801735,0.0,431.5874135070289,431.11283587127724,429.7719830890672,431.93859627097913
3.3600000000000025,3.826774341700351,-3.3379589556458584,20.21101424717817,6.029617370232849,6.021992004545751,0.0,3.9857869927586465,-3.5850398810857986,4.4263872893111795,-0.09497906924063494,-0.06631965360728956,0.0,457.7650262130945,456.7348845266116,458.6660532035371,458.9717123846458
3.4200000000000026,4.069764144471296,-3.5571473040397175,20.473723883987724,6.02358555893319,6.0177952685005565,0.0,4.114071593520314,-3.721767673684272,4.330400820789021,-0.11494282158651127,-0.07841162735160087,0.0,419.72183414542945,418.66671590675804,420.3673942517827,418.62379485870764
3.4800000000000026,4.32094617366456,-3.785079291876032,20.73222891379904,6.016533097792033,6.0127481386348,0.0,4.258868021322001,-3.876542767739392,4.285846934104838,-0.12331637137950649,-0.09908590919572852,0.0,438.3525788523217,436.62465550351294,438.8318460356458,438.1234081479992
3.5400000000000027,4.581438504954408,-4.022962755654996,20.98992577381112,6.00912149509405,6.006842539175274,0.0,4.42445234697162,-4.053474712910194,4.303000760146689,-0.12395031624798122,-0.09714070123896744,0.0,460.7649933987113,460.9108432627616,459.5321443238813,459.4685915371883
3.6000000000000028,4.85300963731849,-4.2726247014061824,21.25214516076163,6.001543401504227,6.00056434302372,0.0,4.628059005228487,-4.2690931028101895,4.435821760509559,-0.13147013275369873,-0.12708208716945535,0.0,500.2046239373618,498.01022955528936,499.2251290289463,498.6633655442953
3.660000000000003,5.135215480855697,-4.533773062822949,21.516619285740312,5.993750335512322,5.99316354359825,0.0,4.779190694019058,-4.436457377017267,4.37919216543785,-0.1268910246502193,-0.11676906154387753,0.0,441.7172423728236,442.5531635091972,441.14809475728686,441.510542073674
3.720000000000003,5.427232105476886,-4.805724471320542,21.779673586858333,5.9862795932758015,5.986026849159666,0.0,4.954980810977414,-4.629126732326557,4.388044702321251,-0.12013949244528468,-0.12369147497710642,0.0,465.7439767662043,465.19005797534203,465.532908907872,466.047694121335
3.780000000000003,5.729250519966117,-5.088764744203175,22.041129015204465,5.978903182397836,5.978259449242149,0.0,5.11265777761931,-4.806109891787441,4.3262876416568625,-0.129223066800812,-0.14462324568583157,0.0,445.46086414307035,443.7297449414071,444.9785790658082,444.22040895094017
3.840000000000003,6.042189470671617,-5.383852243381387,22.302862173486343,5.97118667028581,5.9694068489569325,0.0,5.318987919559477,-5.030586898639265,4.396266312144345,-0.12740818760836478,-0.15412876019868482,0.0,489.8984428054559,489.1726849995892,490.8119067032479,490.93320852296597
3.900000000000003,6.366663850539216,-5.691630743152987,22.565738833090208,5.963730794009663,5.960234741304053,0.0,5.497249117711922,-5.229199864506667,4.365003541735167,-0.11862608873791997,-0.15046294695341322,0.0,460.9138378714012,461.1824178010446,461.1887689284358,461.8686426266745
3.960000000000003,6.702798851652668,-6.012251179519183,22.828968051458805,5.95720529996102,5.951153156665292,0.0,5.707568436172017,-5.458492044053732,4.4074509530539245,-0.09406434326637306,-0.15321411991125233,0.0,488.0434532294014,487.8186740045428,487.9933049324643,489.81417057043126
4.020000000000002,7.050537757173789,-6.345691120753362,23.091426285888918,5.951681779511134,5.941482999163917,0.0,5.884142389115647,-5.6565701358799725,4.340062544120766,-0.08832464965124864,-0.1860161454913235,0.0,456.7936144021977,454.1443932761779,456.1359465800783,456.5873132613705
4.080000000000001,7.409650411114147,-6.691717512917664,23.351421925812225,5.946352391372624,5.930422947812554,0.0,6.086770410598262,-5.877894994000525,4.324820905076957,-0.08983850582707173,-0.18117090975700348,0.0,476.2335764648892,476.5736976508837,476.14796472610294,476.02610926534624
4.14,7.779540458208893,-7.049755735059514,23.606414623858676,5.940863616960513,5.9198869251183766,0.0,6.24344116110352,-6.057210109323181,4.174266949061147,-0.09497947233858316,-0.16631350137452552,0.0,431.7493084597608,432.97059827212723,433.2325839835939,432.792672776847
4.199999999999998,8.158840507065811,-7.418573219055903,23.852006334375027,5.934691045661747,5.910002308411844,0.0,6.400367531543869,-6.237257709144929,4.011498918489542,-0.12742238464600503,-0.16177932380603252,0.0,429.2646340941569,429.62241413215094,431.6022455364375,428.8440988972717
4.259999999999997,8.549393893988807,-7.799832795835201,24.09186421821037,5.927190022435074,5.8998496748778795,0.0,6.618324390507622,-6.4718044703444955,3.981929969578817,-0.12059900862447884,-0.19131394174827826,0.0,479.1795962378442,476.9023246981342,479.21618177278185,479.72174057668826
4.319999999999996,8.952241360981862,-8.194517470062477,24.327626447155094,5.920411518647857,5.887824717683213,0.0,6.810376863858998,-6.68480666836446,3.8754261300655624,-0.10095498035083207,-0.23317317059584763,0.0,457.945164882715,454.5617407841101,455.80976937220635,457.36625392726495
4.379999999999995,9.366622445126819,-8.601989012051215,24.55650574239706,5.914435553076304,5.87494839558039,0.0,7.00289254344109,-6.897971430459248,3.7524945168447474,-0.09701946994905777,-0.19179152280782732,0.0,452.67764835399333,455.95013434878376,453.4771253110727,453.7849263546576
4.439999999999993,9.793250985960809,-9.02282878551647,24.779013912079524,5.908585773699469,5.863281367048472,0.0,7.218396471855276,-7.130356593421892,3.6627840444393134,-0.09846673902333196,-0.20037263193184146,0.0,469.82410470046096,469.1233014302595,468.7436482767462,468.6235299919767
4.499999999999992,10.230817312652539,-9.455996179512999,24.991530939969653,5.902702508971053,5.851519322107439,0.0,7.367713988466715,-7.309236594992098,3.4206337146074977,-0.09724288081689797,-0.1885373841715951,0.0,415.41600358376263,416.41237164868676,416.1321560790663,416.2303613266048
4.559999999999991,10.679132885604638,-9.901386388521965,25.192786527092206,5.897164803685811,5.840009208094049,0.0,7.576440588013794,-7.537525346845605,3.286428624604897,-0.0838915111491961,-0.1994030667432096,0.0,459.63538562429636,458.7384313294672,457.667737588666,458.72255807529996
4.6199999999999894,11.138126189638385,-10.359048266430833,25.381990873910535,5.892257469714085,5.827921154510282,0.0,7.723901731717097,-7.71859736356478,3.01997800853455,-0.07788672340712206,-0.20594581722675726,0.0,411.2734858680286,410.64984494069705,411.0823187255189,411.6082715428161
4.679999999999988,11.605786187476115,-10.827492968226737,25.554567835284214,5.88736298426571,5.815806611440166,0.0,7.865350846162023,-7.8970114279838,2.7322769796152486,-0.0902113384175591,-0.19487040695395916,0.0,402.5369094028319,403.4936689135168,404.5495703466197,403.4316174983045
4.739999999999987,12.08397887514445,-11.30827644199469,25.713326492599943,5.881653800157704,5.803865591347218,0.0,8.074668144674584,-8.129614115670964,2.5582596548495085,-0.10752606904924139,-0.2089451969278827,0.0,449.81240187000594,448.6321400328456,451.8478076537352,450.4415307667734
4.799999999999986,12.576248326436856,-11.804219372148726,25.863923075761935,5.8751355001834575,5.791197998770194,0.0,8.334380759477535,-8.402122769006802,2.459292219795632,-0.11095908165848022,-0.2158819650333136,0.0,482.799634938875,482.2356567105197,481.285215519909,481.0158098993747
4.859999999999984,13.083144718465386,-12.315861038281687,26.00645766540927,5.868660710331188,5.778331397254725,0.0,8.562344956228433,-8.653074744108986,2.289994415850395,-0.10243217009760396,-0.2117158348518805,0.0,461.937716957283,462.22277610522383,460.8880032515446,461.5518861417539
4.919999999999983,13.604586583250754,-12.843264114808273,26.13983328728533,5.862150203797718,5.7658441794530315,0.0,8.819042240133511,-8.927389398686836,2.153580081449074,-0.12482735949257782,-0.20176591210868705,0.0,478.7890131688474,479.5064360713806,479.1489994635316,477.4329849256141
4.979999999999982,14.140097008924707,-13.386256785942306,26.26244620962976,5.854571913675523,5.753629567809753,0.0,9.03141879298986,-9.173019059354132,1.93183767892459,-0.1294334133045225,-0.20746265635911695,0.0,452.98485927397917,452.48644242382693,451.39025413970154,451.00395545469513
5.0399999999999805,14.688406647622333,-13.944145855091183,26.371463109353602,5.8469795565692895,5.741045208241751,0.0,9.245657494734123,-9.423949794188385,1.7002884046005762,-0.12130696787205608,-0.21472337469711833,0.0,452.86905722279363,452.24187192574857,452.4906871132018,453.13038675718735
